
Mat Object: 1 MPI processes
  type: seqaij
row 0: (0, 0.062395)  (1, 0.0491378)  (2, 0.0294614)  (3, 0.0409824) 
row 1: (0, -0.0226235)  (1, 0.062395)  (2, 0.0409824)  (3, -0.0064193) 
row 2: (0, -0.0259892)  (1, 0.00184271)  (2, 0.062395)  (3, -0.0226235) 
row 3: (0, 0.00184271)  (1, 0.00989152)  (2, 0.0491378)  (3, 0.062395) 

Mat Object: 1 MPI processes
  type: seqaij
row 0: (0, 0.0488049)  (1, 0.0387547)  (2, 0.0232913)  (3, 0.0322304) 
row 1: (0, -0.0186544)  (1, 0.0488049)  (2, 0.0322304)  (3, -0.00541322) 
row 2: (0, -0.0210691)  (1, 0.000918612)  (2, 0.0488049)  (3, -0.0186544) 
row 3: (0, 0.000918612)  (1, 0.00763544)  (2, 0.0387547)  (3, 0.0488049) 